function disData = ReadReports

disData = [001996	3.008278e+02	3.003168e+02	000020	3.000000;...
001997	2.516479e+02	2.432566e+02	000005	5.000000;...
001999	2.625058e+02	1.328902e+02	000056	7.000000;...
002001	3.042407e+02	1.721006e+02	000083	7.000000;...
002001	3.069632e+02	1.665489e+02	000156	3.000000;...
002002	2.001046e+02	1.403770e+02	000001	1.000000;...
002002	2.702093e+02	8.406755e+01	000017	6.000000;...
002002	1.919371e+02	1.697213e+02	000001	1.000000;...
002002	2.504711e+02	1.078603e+02	000001	1.000000;...
002002	2.504711e+02	1.070672e+02	000002	2.000000;...
002002	2.756543e+02	1.110326e+02	000001	1.000000;...
002002	2.409423e+02	1.744798e+02	000001	1.000000;...
002003	2.576706e+02	2.162902e+02	000004	4.000000;...
002003	1.562857e+02	1.648341e+02	000041	16.000000;...
002003	2.821885e+02	1.773306e+02	000002	2.000000;...
002003	2.589959e+02	1.126430e+02	000001	1.000000;...
002003	2.589959e+02	1.148483e+02	000001	1.000000;...
002003	2.464056e+02	1.729201e+02	000004	3.000000;...
002003	2.271888e+02	1.126430e+02	000012	3.000000;...
002003	2.894776e+02	1.810060e+02	000002	2.000000;...
002003	2.059842e+02	2.530445e+02	000001	1.000000;...
002003	2.285141e+02	2.059990e+02	000006	4.000000;...
002003	3.086944e+02	1.685096e+02	000059	4.000000;...
002003	2.888150e+02	1.618938e+02	000002	1.000000;...
002003	2.510441e+02	1.479271e+02	000001	1.000000;...
002003	2.888150e+02	2.317270e+02	000001	1.000000;...
002003	2.517068e+02	1.060272e+02	000001	1.000000;...
002003	2.603212e+02	2.030586e+02	000001	1.000000;...
002003	2.735741e+02	1.177886e+02	000001	1.000000;...
002003	2.430924e+02	9.353076e+01	000003	1.000000;...
002003	1.542977e+02	2.501041e+02	000001	1.000000;...
002003	2.722488e+02	1.155833e+02	000001	1.000000;...
002003	2.119480e+02	2.471638e+02	000001	1.000000;...
002003	2.073094e+02	1.560131e+02	000001	1.000000;...
002003	2.338153e+02	1.523377e+02	000001	1.000000;...
002003	1.721892e+02	1.471921e+02	000001	1.000000;...
002003	1.721892e+02	1.479271e+02	000001	1.000000;...
002003	2.748994e+02	1.266096e+02	000001	1.000000;...
002003	2.351406e+02	1.640990e+02	000002	1.000000;...
002003	1.788156e+02	1.648341e+02	000001	1.000000;...
002003	2.152612e+02	2.412831e+02	000001	1.000000;...
002003	2.888150e+02	2.920041e+02	000001	1.000000;...
002004	2.209552e+02	1.931457e+02	000001	1.000000;...
002004	2.406833e+02	7.948688e+01	000001	1.000000;...
002004	2.538354e+02	2.042887e+02	000001	1.000000;...
002004	2.597538e+02	2.042887e+02	000001	1.000000;...
002004	2.735635e+02	3.677197e+02	000001	1.000000;...
002004	2.025422e+02	1.010301e+02	000001	1.000000;...
002004	2.387105e+02	2.310320e+02	000010	1.000000;...
002004	2.413409e+02	7.948688e+01	000001	1.000000;...
002004	1.999118e+02	1.359449e+02	000001	1.000000;...
002004	1.972814e+02	2.488608e+02	000001	1.000000;...
002004	3.064438e+02	1.656596e+02	000001	1.000000;...
002004	2.130639e+02	8.765843e+01	000001	1.000000;...
002004	2.544930e+02	8.840130e+01	000001	1.000000;...
002004	2.071455e+02	7.354394e+01	000001	1.000000;...
002004	1.111352e+02	2.236033e+02	000001	1.000000;...
002004	1.104776e+02	2.228604e+02	000001	1.000000;...
002004	2.071455e+02	2.139460e+02	000001	1.000000;...
002004	2.347649e+02	2.236033e+02	000001	1.000000;...
002004	1.663740e+02	1.508022e+02	000001	1.000000;...
002004	1.696620e+02	2.362320e+02	000001	1.000000;...
002004	1.775533e+02	1.047444e+02	000010	5.000000;...
002004	2.051727e+02	2.444036e+02	000001	1.000000;...
002004	2.387105e+02	2.206318e+02	000004	3.000000;...
002004	1.834717e+02	1.121731e+02	000041	3.000000;...
002004	2.373953e+02	1.990886e+02	000001	1.000000;...
002004	2.729059e+02	8.097262e+01	000061	1.000000;...
002004	3.018405e+02	1.820027e+02	000020	20.000000;...
002004	3.018405e+02	1.775455e+02	000001	1.000000;...
002004	1.893901e+02	5.497224e+01	000001	1.000000;...
002004	1.854445e+02	2.785755e+02	000001	1.000000;...
002004	3.748347e+01	2.005744e+02	000003	1.000000;...
002004	2.367377e+02	2.050316e+02	000001	1.000000;...
002004	2.807972e+02	1.872028e+02	000001	1.000000;...
002004	1.913630e+02	1.716025e+02	000001	1.000000;...
002004	1.690044e+02	1.574880e+02	000001	1.000000;...
002004	2.827700e+02	1.508022e+02	000001	1.000000;...
002004	1.354666e+02	2.087459e+02	000049	1.000000;...
002004	1.821565e+02	7.502968e+01	000009	3.000000;...
002004	2.715907e+02	1.790312e+02	000001	1.000000;...
002004	2.327920e+02	1.864599e+02	000001	1.000000;...
002004	1.663740e+02	2.094888e+02	000041	1.000000;...
002004	1.334937e+02	2.013172e+02	000001	1.000000;...
002004	2.985525e+02	3.023473e+02	000044	10.000000;...
002004	2.367377e+02	2.518323e+02	000001	1.000000;...
002004	2.498898e+02	1.062301e+02	000001	1.000000;...
002004	2.505474e+02	1.054873e+02	000003	2.000000;...
002004	2.755363e+02	6.760099e+01	000002	2.000000;...
002004	2.242432e+02	2.466322e+02	000001	1.000000;...
002004	2.834276e+02	2.570324e+02	000001	1.000000;...
002004	1.117928e+02	2.198889e+02	000001	1.000000;...
002004	2.426561e+02	2.726326e+02	000001	1.000000;...
002004	2.084607e+02	1.567452e+02	000004	2.000000;...
002004	2.097759e+02	1.537737e+02	000007	1.000000;...
002004	2.472593e+02	1.262876e+02	000001	1.000000;...
002004	2.051727e+02	1.493165e+02	000001	1.000000;...
002005	2.692256e+02	9.235933e+01	000001	1.000000;...
002005	1.300386e+02	1.623737e+02	000001	1.000000;...
002005	2.679186e+02	9.012483e+01	000001	1.000000;...
002005	2.319783e+02	1.340700e+02	000001	1.000000;...
002005	1.738204e+02	2.197258e+02	000001	1.000000;...
002005	1.457216e+02	9.757317e+01	000004	3.000000];